# Frame list with one line of data per frame:
#   FRAME_ID, RIG_ID, RIG_FROM_WORLD[QW, QX, QY, QZ, TX, TY, TZ], NUM_DATA_IDS, DATA_IDS[] as (SENSOR_TYPE, SENSOR_ID, DATA_ID)
# Number of frames: 15
1 1 0.96155977778030133 -0.0012509666596460048 -0.26933789001600122 0.053463350430387156 2.160453661768182 0.96197357157091468 4.0071131865146752 1 CAMERA 1 1
2 1 0.99992287359745546 -0.009059587075760038 -0.0079573464147302368 -0.0029751263267506411 -1.4148998591567696 0.22328604550588854 1.0628048760739441 1 CAMERA 1 2
3 1 0.98640494610660834 -0.016653407519152886 0.15904761992443661 -0.037839145217514046 -3.4391821943599146 0.21102724811141146 1.1337192119918524 1 CAMERA 1 3
4 1 0.96455651528807451 0.0013265766926290707 -0.25978077852300124 0.046291642005750755 1.3010082392774376 0.73370746168459477 3.3368474856772758 1 CAMERA 1 4
5 1 0.98584255096454187 0.0021969350285503233 -0.16478012285768459 0.030937829516814321 0.90000532033653202 0.61481849393332799 2.7081700948834664 1 CAMERA 1 5
6 1 0.95527153263064801 -0.018451673008076038 -0.28810974615294271 0.064098431185036442 1.2749814199356269 -0.012918774187296452 0.14649621410018207 1 CAMERA 1 6
7 1 0.72636212156258351 -0.15304741692152921 -0.10492432349490952 -0.66178957597705168 -0.72600685493335071 -0.16561530322528145 -2.4501681508240543 1 CAMERA 1 7
8 1 0.65329114708925873 0.08115752024063283 0.17290576705778221 -0.73261704168095343 -0.56697995031689208 3.8637151422499567 -1.5932561807121155 1 CAMERA 1 8
9 1 0.51128611921006584 0.2980885034085502 0.37658067943359669 -0.71268277677806413 0.459860568638293 4.5624486724780393 1.4203526779023226 1 CAMERA 1 9
10 1 0.72325858413014621 -0.27340528593140273 -0.23524516350351876 -0.58890260922755899 -1.144508114708519 -0.5253210406792308 -3.8454814083379723 1 CAMERA 1 10
11 1 0.7155091618182835 -0.28455344785497488 -0.23650262184413434 -0.5925727672858363 -0.77601771146512177 -1.9650627771923226 -2.4856471628483163 1 CAMERA 1 11
12 1 0.99206161272797777 0.015532567534365382 -0.12371267671611011 0.016360608701686766 0.22260868262634817 0.2432278940678152 1.1844332185015412 1 CAMERA 1 12
13 1 0.98018750002936761 -0.0017571564923465326 -0.19498795406112926 0.034771755179956947 -0.073244984662463986 0.79531636110979365 3.4508512005219458 1 CAMERA 1 13
14 1 0.96136767796602252 0.0020273046586762214 -0.26975187428436392 0.054790547707718316 0.98801139360504919 1.3078318807412972 5.792293090740678 1 CAMERA 1 14
15 2 0.96274877721808294 0.11029506734598181 -0.24473778590116096 0.032453139084363966 2.4097729037369766 0.063189179117585481 4.1491901314285657 1 CAMERA 2 15
