# Frame list with one line of data per frame:
#   FRAME_ID, RIG_ID, RIG_FROM_WORLD[QW, QX, QY, QZ, TX, TY, TZ], NUM_DATA_IDS, DATA_IDS[] as (SENSOR_TYPE, SENSOR_ID, DATA_ID)
# Number of frames: 15
1 1 0.96443187102681482 0.0055461108170205579 -0.25786994852362394 0.057822975113238174 2.177458612541634 0.96975499559097778 4.0423065981480226 1 CAMERA 1 1
2 1 0.7294589957327301 -0.26087989663548805 -0.23178463416805201 -0.58830870845129957 -1.1496235157141763 -0.52768276166006756 -3.8808338714997856 1 CAMERA 1 2
3 1 0.99999371832789086 -0.00070825791293143152 0.0033365543183726826 -0.00096388835884728369 -1.4296102163544575 0.2251816597772946 1.0739490338167066 1 CAMERA 1 3
4 1 0.98545695538710165 -0.0073714095550145098 0.16566953925799538 -0.037065552233845035 -3.4324894082929456 0.21322068983485973 1.1234019146511025 1 CAMERA 1 4
5 1 0.99321462630766488 0.023321028091847378 -0.11223494983192524 0.01959979013893175 0.22191254785824516 0.24446736945860195 1.1958157888683991 1 CAMERA 1 5
6 1 0.72189401142108856 -0.27203424602490867 -0.23293044027478463 -0.59212314197084359 -0.7800608275137435 -1.9804915972503203 -2.5124770197215494 1 CAMERA 1 6
7 1 0.98755129728332636 0.0097684494079616092 -0.15317636830913323 0.034409487380781464 0.9048157961318567 0.62046117379008947 2.7344258249239797 1 CAMERA 1 7
8 1 0.96416973188172261 0.0087009035765597074 -0.25846106799186408 0.059151489690316014 0.99569555089398265 1.3179483461879971 5.8444427585513914 1 CAMERA 1 8
9 1 0.65248454069134609 0.092896842557861611 0.17263726640343616 -0.73200442283522571 -0.58097651672842843 3.8766220317369671 -1.6241814374435044 1 CAMERA 1 9
10 1 0.50549293210839241 0.31200794831171325 0.37678895018231479 -0.71074469593468281 0.46501245258740181 4.6071328986462765 1.4535539509484836 1 CAMERA 1 10
11 1 0.98222335025005769 0.0054551892805600613 -0.18366816572206854 0.03838666479074266 -0.074430485593693058 0.80025088610991857 3.4779604758035432 1 CAMERA 1 11
12 1 0.96727443946258684 0.008312048099472065 -0.24850157194970574 0.050577043777348729 1.3115511065738634 0.74024186403683578 3.3648171445492201 1 CAMERA 1 12
13 1 0.95847418990552635 -0.011748860508505703 -0.27662853478483218 0.068306993086313342 1.2841662058940582 -0.013176509033363544 0.14410031380760463 1 CAMERA 1 13
14 1 0.73014733212109151 -0.13942649564879683 -0.10191039706968581 -0.66110467906122683 -0.73096466511876379 -0.16309395336495452 -2.4746758521489363 1 CAMERA 1 14
15 2 0.96400636296529207 0.12642369037560705 -0.23128599921998155 0.034865014542620129 2.4266160021718082 0.018184872899680387 4.0909154788299507 1 CAMERA 2 15
