# Frame list with one line of data per frame:
#   FRAME_ID, RIG_ID, RIG_FROM_WORLD[QW, QX, QY, QZ, TX, TY, TZ], NUM_DATA_IDS, DATA_IDS[] as (SENSOR_TYPE, SENSOR_ID, DATA_ID)
# Number of frames: 10
1 1 0.99687000115463353 0.071899337079649517 -0.032584741531195449 0.0043497982496360542 2.2270183640660219 0.16437379025802898 1.4978669743625062 1 CAMERA 1 1
2 2 0.99842765415471924 0.003936656258532273 -0.055845912868027515 -0.0028206688113473241 2.1471810353071992 0.29473631674073297 1.2724475595696294 1 CAMERA 2 2
3 2 0.9246846520858979 -0.014674314028831251 0.36776160504613309 -0.097439009428756357 -6.0615396254307345 -0.27454431105694932 -0.52272936532456504 1 CAMERA 2 3
4 2 0.99887815157772153 0.0079231070164237603 -0.045687396872621133 -0.0096085609164124203 1.1662809448127147 0.08874159970743381 0.59787871752275579 1 CAMERA 2 4
5 2 0.99838015925035184 0.0068436809922808629 0.05042124076221436 -0.025454275195274285 0.18010977551609911 -0.015974605665616311 0.021577772901284417 1 CAMERA 2 5
6 2 0.99698668864311024 -0.01336440046334126 -0.076326745708459098 0.0036281342667905526 1.3433893691798218 -0.82905687236212522 -2.7590442448730039 1 CAMERA 2 6
8 2 0.99480476405902263 0.020391723505758377 0.092407810607325766 -0.037529395901047556 -0.78223905417171435 -0.30812527700660874 -1.5350771241321954 1 CAMERA 2 8
9 2 0.99955320559754091 0.0034588321987271578 0.019150208179537519 -0.022686894590965942 -0.65345997277285672 0.1397796214593274 0.75707402340966634 1 CAMERA 2 9
10 2 0.99836514274634591 0.0065433613894924775 -0.056776364968814413 -0.0008188722263579478 0.93076034776734329 0.67007842283435892 3.157850582504464 1 CAMERA 2 10
11 2 0.99557687875448575 0.024175130356423755 0.087041747313583731 -0.025806506666421102 -2.6842837301092 0.82507256844406718 2.7156450321766989 1 CAMERA 2 11
